*k1	k2	time	date	store
1.000000	1.000000	366.000000	2000-12-31 19:00:00 -0500	100.000000
1.000000	1.000000	367.000061	2001-01-01 19:00:00 -0500	81.707291
1.000000	1.000000	368.000122	2001-01-02 19:00:00 -0500	66.760803
1.000000	1.000000	369.000183	2001-01-03 19:00:00 -0500	54.548447
1.000000	1.000000	370.000244	2001-01-04 19:00:00 -0500	44.570053
1.000000	1.000000	371.000305	2001-01-05 19:00:00 -0500	36.416981
1.000000	1.000000	372.000366	2001-01-06 19:00:00 -0500	29.755323
1.000000	1.000000	373.000427	2001-01-07 19:00:00 -0500	24.312267
1.000000	1.000000	374.000488	2001-01-08 19:00:00 -0500	19.864893
1.000000	1.000000	375.000549	2001-01-09 19:00:00 -0500	16.231062
1.000000	1.000000	376.000610	2001-01-10 19:00:00 -0500	13.261960
1.000000	1.000000	377.000671	2001-01-11 19:00:00 -0500	10.835986
1.000000	1.000000	378.000732	2001-01-12 19:00:00 -0500	8.853791
1.000000	1.000000	379.000793	2001-01-13 19:00:00 -0500	7.234192
1.000000	1.000000	380.000854	2001-01-14 19:00:00 -0500	5.910862
1.000000	1.000000	381.000916	2001-01-15 19:00:00 -0500	4.829604
1.000000	1.000000	382.000977	2001-01-16 19:00:00 -0500	3.946137
1.000000	1.000000	383.001038	2001-01-17 19:00:00 -0500	3.224281
1.000000	1.000000	384.001099	2001-01-18 19:00:00 -0500	2.634472
1.000000	1.000000	385.001160	2001-01-19 19:00:00 -0500	2.152556
1.000000	3.000000	366.000000	2000-12-31 19:00:00 -0500	100.000000
1.000000	3.000000	367.000061	2001-01-01 19:00:00 -0500	90.180923
1.000000	3.000000	368.000122	2001-01-02 19:00:00 -0500	80.026611
1.000000	3.000000	369.000183	2001-01-03 19:00:00 -0500	69.418129
1.000000	3.000000	370.000244	2001-01-04 19:00:00 -0500	58.838799
1.000000	3.000000	371.000305	2001-01-05 19:00:00 -0500	48.821335
1.000000	3.000000	372.000366	2001-01-06 19:00:00 -0500	39.752426
1.000000	3.000000	373.000427	2001-01-07 19:00:00 -0500	31.838917
1.000000	3.000000	374.000488	2001-01-08 19:00:00 -0500	25.137165
1.000000	3.000000	375.000549	2001-01-09 19:00:00 -0500	19.598942
1.000000	3.000000	376.000610	2001-01-10 19:00:00 -0500	15.114094
1.000000	3.000000	377.000671	2001-01-11 19:00:00 -0500	11.543436
1.000000	3.000000	378.000732	2001-01-12 19:00:00 -0500	8.741259
1.000000	3.000000	379.000793	2001-01-13 19:00:00 -0500	6.569135
1.000000	3.000000	380.000854	2001-01-14 19:00:00 -0500	4.903279
1.000000	3.000000	381.000916	2001-01-15 19:00:00 -0500	3.637545
1.000000	3.000000	382.000977	2001-01-16 19:00:00 -0500	2.683682
1.000000	3.000000	383.001038	2001-01-17 19:00:00 -0500	1.970053
1.000000	3.000000	384.001099	2001-01-18 19:00:00 -0500	1.439606
1.000000	3.000000	385.001160	2001-01-19 19:00:00 -0500	1.047606
1.000000	5.000000	366.000000	2000-12-31 19:00:00 -0500	100.000000
1.000000	5.000000	367.000061	2001-01-01 19:00:00 -0500	90.432159
1.000000	5.000000	368.000122	2001-01-02 19:00:00 -0500	81.570740
1.000000	5.000000	369.000183	2001-01-03 19:00:00 -0500	72.766693
1.000000	5.000000	370.000244	2001-01-04 19:00:00 -0500	63.567566
1.000000	5.000000	371.000305	2001-01-05 19:00:00 -0500	54.028881
1.000000	5.000000	372.000366	2001-01-06 19:00:00 -0500	44.566139
1.000000	5.000000	373.000427	2001-01-07 19:00:00 -0500	35.683563
1.000000	5.000000	374.000488	2001-01-08 19:00:00 -0500	27.781338
1.000000	5.000000	375.000549	2001-01-09 19:00:00 -0500	21.079874
1.000000	5.000000	376.000610	2001-01-10 19:00:00 -0500	15.627232
1.000000	5.000000	377.000671	2001-01-11 19:00:00 -0500	11.345469
1.000000	5.000000	378.000732	2001-01-12 19:00:00 -0500	8.084062
1.000000	5.000000	379.000793	2001-01-13 19:00:00 -0500	5.664268
1.000000	5.000000	380.000854	2001-01-14 19:00:00 -0500	3.909364
1.000000	5.000000	381.000916	2001-01-15 19:00:00 -0500	2.661745
1.000000	5.000000	382.000977	2001-01-16 19:00:00 -0500	1.790168
1.000000	5.000000	383.001038	2001-01-17 19:00:00 -0500	1.190656
1.000000	5.000000	384.001099	2001-01-18 19:00:00 -0500	0.783935
1.000000	5.000000	385.001160	2001-01-19 19:00:00 -0500	0.511399
1.000000	7.000000	366.000000	2000-12-31 19:00:00 -0500	100.000000
1.000000	7.000000	367.000061	2001-01-01 19:00:00 -0500	90.438133
1.000000	7.000000	368.000122	2001-01-02 19:00:00 -0500	81.766151
1.000000	7.000000	369.000183	2001-01-03 19:00:00 -0500	73.657944
1.000000	7.000000	370.000244	2001-01-04 19:00:00 -0500	65.501846
1.000000	7.000000	371.000305	2001-01-05 19:00:00 -0500	56.815140
1.000000	7.000000	372.000366	2001-01-06 19:00:00 -0500	47.613449
1.000000	7.000000	373.000427	2001-01-07 19:00:00 -0500	38.363373
1.000000	7.000000	374.000488	2001-01-08 19:00:00 -0500	29.688501
1.000000	7.000000	375.000549	2001-01-09 19:00:00 -0500	22.098866
1.000000	7.000000	376.000610	2001-01-10 19:00:00 -0500	15.864294
1.000000	7.000000	377.000671	2001-01-11 19:00:00 -0500	11.017805
1.000000	7.000000	378.000732	2001-01-12 19:00:00 -0500	7.426052
1.000000	7.000000	379.000793	2001-01-13 19:00:00 -0500	4.871857
1.000000	7.000000	380.000854	2001-01-14 19:00:00 -0500	3.119418
1.000000	7.000000	381.000916	2001-01-15 19:00:00 -0500	1.954064
1.000000	7.000000	382.000977	2001-01-16 19:00:00 -0500	1.200088
1.000000	7.000000	383.001038	2001-01-17 19:00:00 -0500	0.723951
1.000000	7.000000	384.001099	2001-01-18 19:00:00 -0500	0.429677
1.000000	7.000000	385.001160	2001-01-19 19:00:00 -0500	0.251270
1.000000	9.000000	366.000000	2000-12-31 19:00:00 -0500	100.000000
1.000000	9.000000	367.000061	2001-01-01 19:00:00 -0500	90.438210
1.000000	9.000000	368.000122	2001-01-02 19:00:00 -0500	81.788406
1.000000	9.000000	369.000183	2001-01-03 19:00:00 -0500	73.893913
1.000000	9.000000	370.000244	2001-01-04 19:00:00 -0500	66.323097
1.000000	9.000000	371.000305	2001-01-05 19:00:00 -0500	58.400276
1.000000	9.000000	372.000366	2001-01-06 19:00:00 -0500	49.699806
1.000000	9.000000	373.000427	2001-01-07 19:00:00 -0500	40.414749
1.000000	9.000000	374.000488	2001-01-08 19:00:00 -0500	31.227993
1.000000	9.000000	375.000549	2001-01-09 19:00:00 -0500	22.909952
1.000000	9.000000	376.000610	2001-01-10 19:00:00 -0500	15.992313
1.000000	9.000000	377.000671	2001-01-11 19:00:00 -0500	10.659941
1.000000	9.000000	378.000732	2001-01-12 19:00:00 -0500	6.812611
1.000000	9.000000	379.000793	2001-01-13 19:00:00 -0500	4.191180
1.000000	9.000000	380.000854	2001-01-14 19:00:00 -0500	2.491479
1.000000	9.000000	381.000916	2001-01-15 19:00:00 -0500	1.436008
1.000000	9.000000	382.000977	2001-01-16 19:00:00 -0500	0.804921
1.000000	9.000000	383.001038	2001-01-17 19:00:00 -0500	0.439957
1.000000	9.000000	384.001099	2001-01-18 19:00:00 -0500	0.235046
1.000000	9.000000	385.001160	2001-01-19 19:00:00 -0500	0.122994
3.000000	1.000000	366.000000	2000-12-31 19:00:00 -0500	100.000000
3.000000	1.000000	367.000061	2001-01-01 19:00:00 -0500	90.180923
3.000000	1.000000	368.000122	2001-01-02 19:00:00 -0500	80.026611
3.000000	1.000000	369.000183	2001-01-03 19:00:00 -0500	69.418137
3.000000	1.000000	370.000244	2001-01-04 19:00:00 -0500	58.838799
3.000000	1.000000	371.000305	2001-01-05 19:00:00 -0500	48.821335
3.000000	1.000000	372.000366	2001-01-06 19:00:00 -0500	39.752430
3.000000	1.000000	373.000427	2001-01-07 19:00:00 -0500	31.838917
3.000000	1.000000	374.000488	2001-01-08 19:00:00 -0500	25.137165
3.000000	1.000000	375.000549	2001-01-09 19:00:00 -0500	19.598942
3.000000	1.000000	376.000610	2001-01-10 19:00:00 -0500	15.114094
3.000000	1.000000	377.000671	2001-01-11 19:00:00 -0500	11.543435
3.000000	1.000000	378.000732	2001-01-12 19:00:00 -0500	8.741259
3.000000	1.000000	379.000793	2001-01-13 19:00:00 -0500	6.569135
3.000000	1.000000	380.000854	2001-01-14 19:00:00 -0500	4.903279
3.000000	1.000000	381.000916	2001-01-15 19:00:00 -0500	3.637545
3.000000	1.000000	382.000977	2001-01-16 19:00:00 -0500	2.683682
3.000000	1.000000	383.001038	2001-01-17 19:00:00 -0500	1.970053
3.000000	1.000000	384.001099	2001-01-18 19:00:00 -0500	1.439606
3.000000	1.000000	385.001160	2001-01-19 19:00:00 -0500	1.047606
3.000000	3.000000	366.000000	2000-12-31 19:00:00 -0500	100.000000
3.000000	3.000000	367.000061	2001-01-01 19:00:00 -0500	99.447266
3.000000	3.000000	368.000122	2001-01-02 19:00:00 -0500	95.828178
3.000000	3.000000	369.000183	2001-01-03 19:00:00 -0500	88.279045
3.000000	3.000000	370.000244	2001-01-04 19:00:00 -0500	77.656044
3.000000	3.000000	371.000305	2001-01-05 19:00:00 -0500	65.452377
3.000000	3.000000	372.000366	2001-01-06 19:00:00 -0500	53.106850
3.000000	3.000000	373.000427	2001-01-07 19:00:00 -0500	41.676670
3.000000	3.000000	374.000488	2001-01-08 19:00:00 -0500	31.768600
3.000000	3.000000	375.000549	2001-01-09 19:00:00 -0500	23.608360
3.000000	3.000000	376.000610	2001-01-10 19:00:00 -0500	17.157753
3.000000	3.000000	377.000671	2001-01-11 19:00:00 -0500	12.227501
3.000000	3.000000	378.000732	2001-01-12 19:00:00 -0500	8.564010
3.000000	3.000000	379.000793	2001-01-13 19:00:00 -0500	5.906236
3.000000	3.000000	380.000854	2001-01-14 19:00:00 -0500	4.017428
3.000000	3.000000	381.000916	2001-01-15 19:00:00 -0500	2.698968
3.000000	3.000000	382.000977	2001-01-16 19:00:00 -0500	1.793014
3.000000	3.000000	383.001038	2001-01-17 19:00:00 -0500	1.179126
3.000000	3.000000	384.001099	2001-01-18 19:00:00 -0500	0.768286
3.000000	3.000000	385.001160	2001-01-19 19:00:00 -0500	0.496383
3.000000	5.000000	366.000000	2000-12-31 19:00:00 -0500	100.000000
3.000000	5.000000	367.000061	2001-01-01 19:00:00 -0500	99.717133
3.000000	5.000000	368.000122	2001-01-02 19:00:00 -0500	97.644478
3.000000	5.000000	369.000183	2001-01-03 19:00:00 -0500	92.495331
3.000000	5.000000	370.000244	2001-01-04 19:00:00 -0500	83.872139
3.000000	5.000000	371.000305	2001-01-05 19:00:00 -0500	72.431053
3.000000	5.000000	372.000366	2001-01-06 19:00:00 -0500	59.542957
3.000000	5.000000	373.000427	2001-01-07 19:00:00 -0500	46.705685
3.000000	5.000000	374.000488	2001-01-08 19:00:00 -0500	35.088898
3.000000	5.000000	375.000549	2001-01-09 19:00:00 -0500	25.353384
3.000000	5.000000	376.000610	2001-01-10 19:00:00 -0500	17.690235
3.000000	5.000000	377.000671	2001-01-11 19:00:00 -0500	11.964348
3.000000	5.000000	378.000732	2001-01-12 19:00:00 -0500	7.869645
3.000000	5.000000	379.000793	2001-01-13 19:00:00 -0500	5.049059
3.000000	5.000000	380.000854	2001-01-14 19:00:00 -0500	3.167898
3.000000	5.000000	381.000916	2001-01-15 19:00:00 -0500	1.948092
3.000000	5.000000	382.000977	2001-01-16 19:00:00 -0500	1.176446
3.000000	5.000000	383.001038	2001-01-17 19:00:00 -0500	0.698872
3.000000	5.000000	384.001099	2001-01-18 19:00:00 -0500	0.409008
3.000000	5.000000	385.001160	2001-01-19 19:00:00 -0500	0.236125
3.000000	7.000000	366.000000	2000-12-31 19:00:00 -0500	100.000000
3.000000	7.000000	367.000061	2001-01-01 19:00:00 -0500	99.723419
3.000000	7.000000	368.000122	2001-01-02 19:00:00 -0500	97.871147
3.000000	7.000000	369.000183	2001-01-03 19:00:00 -0500	93.608231
3.000000	7.000000	370.000244	2001-01-04 19:00:00 -0500	86.404938
3.000000	7.000000	371.000305	2001-01-05 19:00:00 -0500	76.161957
3.000000	7.000000	372.000366	2001-01-06 19:00:00 -0500	63.621326
3.000000	7.000000	373.000427	2001-01-07 19:00:00 -0500	50.216297
3.000000	7.000000	374.000488	2001-01-08 19:00:00 -0500	37.484726
3.000000	7.000000	375.000549	2001-01-09 19:00:00 -0500	26.547897
3.000000	7.000000	376.000610	2001-01-10 19:00:00 -0500	17.915401
3.000000	7.000000	377.000671	2001-01-11 19:00:00 -0500	11.572035
3.000000	7.000000	378.000732	2001-01-12 19:00:00 -0500	7.185794
3.000000	7.000000	379.000793	2001-01-13 19:00:00 -0500	4.306888
3.000000	7.000000	380.000854	2001-01-14 19:00:00 -0500	2.500559
3.000000	7.000000	381.000916	2001-01-15 19:00:00 -0500	1.410837
3.000000	7.000000	382.000977	2001-01-16 19:00:00 -0500	0.775706
3.000000	7.000000	383.001038	2001-01-17 19:00:00 -0500	0.416641
3.000000	7.000000	384.001099	2001-01-18 19:00:00 -0500	0.219082
3.000000	7.000000	385.001160	2001-01-19 19:00:00 -0500	0.112993
3.000000	9.000000	366.000000	2000-12-31 19:00:00 -0500	100.000000
3.000000	9.000000	367.000061	2001-01-01 19:00:00 -0500	99.723518
3.000000	9.000000	368.000122	2001-01-02 19:00:00 -0500	97.896606
3.000000	9.000000	369.000183	2001-01-03 19:00:00 -0500	93.900177
3.000000	9.000000	370.000244	2001-01-04 19:00:00 -0500	87.475555
3.000000	9.000000	371.000305	2001-01-05 19:00:00 -0500	78.282249
3.000000	9.000000	372.000366	2001-01-06 19:00:00 -0500	66.416283
3.000000	9.000000	373.000427	2001-01-07 19:00:00 -0500	52.908356
3.000000	9.000000	374.000488	2001-01-08 19:00:00 -0500	39.420956
3.000000	9.000000	375.000549	2001-01-09 19:00:00 -0500	27.495995
3.000000	9.000000	376.000610	2001-01-10 19:00:00 -0500	18.020639
3.000000	9.000000	377.000671	2001-01-11 19:00:00 -0500	11.153275
3.000000	9.000000	378.000732	2001-01-12 19:00:00 -0500	6.553530
3.000000	9.000000	379.000793	2001-01-13 19:00:00 -0500	3.674649
3.000000	9.000000	380.000854	2001-01-14 19:00:00 -0500	1.975474
3.000000	9.000000	381.000916	2001-01-15 19:00:00 -0500	1.022533
3.000000	9.000000	382.000977	2001-01-16 19:00:00 -0500	0.511516
3.000000	9.000000	383.001038	2001-01-17 19:00:00 -0500	0.248111
3.000000	9.000000	384.001099	2001-01-18 19:00:00 -0500	0.117029
3.000000	9.000000	385.001160	2001-01-19 19:00:00 -0500	0.053815
5.000000	1.000000	366.000000	2000-12-31 19:00:00 -0500	100.000000
5.000000	1.000000	367.000061	2001-01-01 19:00:00 -0500	90.432159
5.000000	1.000000	368.000122	2001-01-02 19:00:00 -0500	81.570740
5.000000	1.000000	369.000183	2001-01-03 19:00:00 -0500	72.766693
5.000000	1.000000	370.000244	2001-01-04 19:00:00 -0500	63.567566
5.000000	1.000000	371.000305	2001-01-05 19:00:00 -0500	54.028885
5.000000	1.000000	372.000366	2001-01-06 19:00:00 -0500	44.566139
5.000000	1.000000	373.000427	2001-01-07 19:00:00 -0500	35.683563
5.000000	1.000000	374.000488	2001-01-08 19:00:00 -0500	27.781338
5.000000	1.000000	375.000549	2001-01-09 19:00:00 -0500	21.079874
5.000000	1.000000	376.000610	2001-01-10 19:00:00 -0500	15.627232
5.000000	1.000000	377.000671	2001-01-11 19:00:00 -0500	11.345469
5.000000	1.000000	378.000732	2001-01-12 19:00:00 -0500	8.084062
5.000000	1.000000	379.000793	2001-01-13 19:00:00 -0500	5.664268
5.000000	1.000000	380.000854	2001-01-14 19:00:00 -0500	3.909364
5.000000	1.000000	381.000916	2001-01-15 19:00:00 -0500	2.661745
5.000000	1.000000	382.000977	2001-01-16 19:00:00 -0500	1.790168
5.000000	1.000000	383.001038	2001-01-17 19:00:00 -0500	1.190656
5.000000	1.000000	384.001099	2001-01-18 19:00:00 -0500	0.783935
5.000000	1.000000	385.001160	2001-01-19 19:00:00 -0500	0.511399
5.000000	3.000000	366.000000	2000-12-31 19:00:00 -0500	100.000000
5.000000	3.000000	367.000061	2001-01-01 19:00:00 -0500	99.717133
5.000000	3.000000	368.000122	2001-01-02 19:00:00 -0500	97.644478
5.000000	3.000000	369.000183	2001-01-03 19:00:00 -0500	92.495331
5.000000	3.000000	370.000244	2001-01-04 19:00:00 -0500	83.872154
5.000000	3.000000	371.000305	2001-01-05 19:00:00 -0500	72.431061
5.000000	3.000000	372.000366	2001-01-06 19:00:00 -0500	59.542957
5.000000	3.000000	373.000427	2001-01-07 19:00:00 -0500	46.705688
5.000000	3.000000	374.000488	2001-01-08 19:00:00 -0500	35.088902
5.000000	3.000000	375.000549	2001-01-09 19:00:00 -0500	25.353384
5.000000	3.000000	376.000610	2001-01-10 19:00:00 -0500	17.690237
5.000000	3.000000	377.000671	2001-01-11 19:00:00 -0500	11.964348
5.000000	3.000000	378.000732	2001-01-12 19:00:00 -0500	7.869646
5.000000	3.000000	379.000793	2001-01-13 19:00:00 -0500	5.049059
5.000000	3.000000	380.000854	2001-01-14 19:00:00 -0500	3.167898
5.000000	3.000000	381.000916	2001-01-15 19:00:00 -0500	1.948092
5.000000	3.000000	382.000977	2001-01-16 19:00:00 -0500	1.176446
5.000000	3.000000	383.001038	2001-01-17 19:00:00 -0500	0.698872
5.000000	3.000000	384.001099	2001-01-18 19:00:00 -0500	0.409008
5.000000	3.000000	385.001160	2001-01-19 19:00:00 -0500	0.236125
5.000000	5.000000	366.000000	2000-12-31 19:00:00 -0500	100.000000
5.000000	5.000000	367.000061	2001-01-01 19:00:00 -0500	99.987251
5.000000	5.000000	368.000122	2001-01-02 19:00:00 -0500	99.485405
5.000000	5.000000	369.000183	2001-01-03 19:00:00 -0500	96.886169
5.000000	5.000000	370.000244	2001-01-04 19:00:00 -0500	90.556473
5.000000	5.000000	371.000305	2001-01-05 19:00:00 -0500	80.139397
5.000000	5.000000	372.000366	2001-01-06 19:00:00 -0500	66.759094
5.000000	5.000000	373.000427	2001-01-07 19:00:00 -0500	52.342274
5.000000	5.000000	374.000488	2001-01-08 19:00:00 -0500	38.745159
5.000000	5.000000	375.000549	2001-01-09 19:00:00 -0500	27.200987
5.000000	5.000000	376.000610	2001-01-10 19:00:00 -0500	18.201767
5.000000	5.000000	377.000671	2001-01-11 19:00:00 -0500	11.665607
5.000000	5.000000	378.000732	2001-01-12 19:00:00 -0500	7.192942
5.000000	5.000000	379.000793	2001-01-13 19:00:00 -0500	4.284028
5.000000	5.000000	380.000854	2001-01-14 19:00:00 -0500	2.473341
5.000000	5.000000	381.000916	2001-01-15 19:00:00 -0500	1.388521
5.000000	5.000000	382.000977	2001-01-16 19:00:00 -0500	0.760047
5.000000	5.000000	383.001038	2001-01-17 19:00:00 -0500	0.406615
5.000000	5.000000	384.001099	2001-01-18 19:00:00 -0500	0.213053
5.000000	5.000000	385.001160	2001-01-19 19:00:00 -0500	0.109535
5.000000	7.000000	366.000000	2000-12-31 19:00:00 -0500	100.000000
5.000000	7.000000	367.000061	2001-01-01 19:00:00 -0500	99.993538
5.000000	7.000000	368.000122	2001-01-02 19:00:00 -0500	99.714409
5.000000	7.000000	369.000183	2001-01-03 19:00:00 -0500	98.039879
5.000000	7.000000	370.000244	2001-01-04 19:00:00 -0500	93.269699
5.000000	7.000000	371.000305	2001-01-05 19:00:00 -0500	84.251579
5.000000	7.000000	372.000366	2001-01-06 19:00:00 -0500	71.329529
5.000000	7.000000	373.000427	2001-01-07 19:00:00 -0500	56.279110
5.000000	7.000000	374.000488	2001-01-08 19:00:00 -0500	41.384350
5.000000	7.000000	375.000549	2001-01-09 19:00:00 -0500	28.461487
5.000000	7.000000	376.000610	2001-01-10 19:00:00 -0500	18.400990
5.000000	7.000000	377.000671	2001-01-11 19:00:00 -0500	11.246892
5.000000	7.000000	378.000732	2001-01-12 19:00:00 -0500	6.534734
5.000000	7.000000	379.000793	2001-01-13 19:00:00 -0500	3.627857
5.000000	7.000000	380.000854	2001-01-14 19:00:00 -0500	1.933313
5.000000	7.000000	381.000916	2001-01-15 19:00:00 -0500	0.993029
5.000000	7.000000	382.000977	2001-01-16 19:00:00 -0500	0.493396
5.000000	7.000000	383.001038	2001-01-17 19:00:00 -0500	0.237891
5.000000	7.000000	384.001099	2001-01-18 19:00:00 -0500	0.111614
5.000000	7.000000	385.001160	2001-01-19 19:00:00 -0500	0.051083
5.000000	9.000000	366.000000	2000-12-31 19:00:00 -0500	100.000000
5.000000	9.000000	367.000061	2001-01-01 19:00:00 -0500	99.993629
5.000000	9.000000	368.000122	2001-01-02 19:00:00 -0500	99.740013
5.000000	9.000000	369.000183	2001-01-03 19:00:00 -0500	98.341156
5.000000	9.000000	370.000244	2001-01-04 19:00:00 -0500	94.411827
5.000000	9.000000	371.000305	2001-01-05 19:00:00 -0500	86.582924
5.000000	9.000000	372.000366	2001-01-06 19:00:00 -0500	74.459656
5.000000	9.000000	373.000427	2001-01-07 19:00:00 -0500	59.299652
5.000000	9.000000	374.000488	2001-01-08 19:00:00 -0500	43.518822
5.000000	9.000000	375.000549	2001-01-09 19:00:00 -0500	29.460127
5.000000	9.000000	376.000610	2001-01-10 19:00:00 -0500	18.479422
5.000000	9.000000	377.000671	2001-01-11 19:00:00 -0500	10.806613
5.000000	9.000000	378.000732	2001-01-12 19:00:00 -0500	5.930116
5.000000	9.000000	379.000793	2001-01-13 19:00:00 -0500	3.072824
5.000000	9.000000	380.000854	2001-01-14 19:00:00 -0500	1.512251
5.000000	9.000000	381.000916	2001-01-15 19:00:00 -0500	0.710517
5.000000	9.000000	382.000977	2001-01-16 19:00:00 -0500	0.320173
5.000000	9.000000	383.001038	2001-01-17 19:00:00 -0500	0.138935
5.000000	9.000000	384.001099	2001-01-18 19:00:00 -0500	0.058263
5.000000	9.000000	385.001160	2001-01-19 19:00:00 -0500	0.023686
7.000000	1.000000	366.000000	2000-12-31 19:00:00 -0500	100.000000
7.000000	1.000000	367.000061	2001-01-01 19:00:00 -0500	90.438133
7.000000	1.000000	368.000122	2001-01-02 19:00:00 -0500	81.766144
7.000000	1.000000	369.000183	2001-01-03 19:00:00 -0500	73.657944
7.000000	1.000000	370.000244	2001-01-04 19:00:00 -0500	65.501839
7.000000	1.000000	371.000305	2001-01-05 19:00:00 -0500	56.815132
7.000000	1.000000	372.000366	2001-01-06 19:00:00 -0500	47.613449
7.000000	1.000000	373.000427	2001-01-07 19:00:00 -0500	38.363373
7.000000	1.000000	374.000488	2001-01-08 19:00:00 -0500	29.688503
7.000000	1.000000	375.000549	2001-01-09 19:00:00 -0500	22.098867
7.000000	1.000000	376.000610	2001-01-10 19:00:00 -0500	15.864295
7.000000	1.000000	377.000671	2001-01-11 19:00:00 -0500	11.017806
7.000000	1.000000	378.000732	2001-01-12 19:00:00 -0500	7.426052
7.000000	1.000000	379.000793	2001-01-13 19:00:00 -0500	4.871857
7.000000	1.000000	380.000854	2001-01-14 19:00:00 -0500	3.119418
7.000000	1.000000	381.000916	2001-01-15 19:00:00 -0500	1.954064
7.000000	1.000000	382.000977	2001-01-16 19:00:00 -0500	1.200088
7.000000	1.000000	383.001038	2001-01-17 19:00:00 -0500	0.723951
7.000000	1.000000	384.001099	2001-01-18 19:00:00 -0500	0.429677
7.000000	1.000000	385.001160	2001-01-19 19:00:00 -0500	0.251270
7.000000	3.000000	366.000000	2000-12-31 19:00:00 -0500	100.000000
7.000000	3.000000	367.000061	2001-01-01 19:00:00 -0500	99.723419
7.000000	3.000000	368.000122	2001-01-02 19:00:00 -0500	97.871162
7.000000	3.000000	369.000183	2001-01-03 19:00:00 -0500	93.608223
7.000000	3.000000	370.000244	2001-01-04 19:00:00 -0500	86.404945
7.000000	3.000000	371.000305	2001-01-05 19:00:00 -0500	76.161972
7.000000	3.000000	372.000366	2001-01-06 19:00:00 -0500	63.621326
7.000000	3.000000	373.000427	2001-01-07 19:00:00 -0500	50.216301
7.000000	3.000000	374.000488	2001-01-08 19:00:00 -0500	37.484726
7.000000	3.000000	375.000549	2001-01-09 19:00:00 -0500	26.547899
7.000000	3.000000	376.000610	2001-01-10 19:00:00 -0500	17.915401
7.000000	3.000000	377.000671	2001-01-11 19:00:00 -0500	11.572037
7.000000	3.000000	378.000732	2001-01-12 19:00:00 -0500	7.185795
7.000000	3.000000	379.000793	2001-01-13 19:00:00 -0500	4.306887
7.000000	3.000000	380.000854	2001-01-14 19:00:00 -0500	2.500559
7.000000	3.000000	381.000916	2001-01-15 19:00:00 -0500	1.410837
7.000000	3.000000	382.000977	2001-01-16 19:00:00 -0500	0.775706
7.000000	3.000000	383.001038	2001-01-17 19:00:00 -0500	0.416641
7.000000	3.000000	384.001099	2001-01-18 19:00:00 -0500	0.219082
7.000000	3.000000	385.001160	2001-01-19 19:00:00 -0500	0.112993
7.000000	5.000000	366.000000	2000-12-31 19:00:00 -0500	100.000000
7.000000	5.000000	367.000061	2001-01-01 19:00:00 -0500	99.993546
7.000000	5.000000	368.000122	2001-01-02 19:00:00 -0500	99.714409
7.000000	5.000000	369.000183	2001-01-03 19:00:00 -0500	98.039886
7.000000	5.000000	370.000244	2001-01-04 19:00:00 -0500	93.269684
7.000000	5.000000	371.000305	2001-01-05 19:00:00 -0500	84.251587
7.000000	5.000000	372.000366	2001-01-06 19:00:00 -0500	71.329536
7.000000	5.000000	373.000427	2001-01-07 19:00:00 -0500	56.279110
7.000000	5.000000	374.000488	2001-01-08 19:00:00 -0500	41.384350
7.000000	5.000000	375.000549	2001-01-09 19:00:00 -0500	28.461489
7.000000	5.000000	376.000610	2001-01-10 19:00:00 -0500	18.400990
7.000000	5.000000	377.000671	2001-01-11 19:00:00 -0500	11.246892
7.000000	5.000000	378.000732	2001-01-12 19:00:00 -0500	6.534735
7.000000	5.000000	379.000793	2001-01-13 19:00:00 -0500	3.627857
7.000000	5.000000	380.000854	2001-01-14 19:00:00 -0500	1.933313
7.000000	5.000000	381.000916	2001-01-15 19:00:00 -0500	0.993029
7.000000	5.000000	382.000977	2001-01-16 19:00:00 -0500	0.493396
7.000000	5.000000	383.001038	2001-01-17 19:00:00 -0500	0.237891
7.000000	5.000000	384.001099	2001-01-18 19:00:00 -0500	0.111614
7.000000	5.000000	385.001160	2001-01-19 19:00:00 -0500	0.051083
7.000000	7.000000	366.000000	2000-12-31 19:00:00 -0500	100.000000
7.000000	7.000000	367.000061	2001-01-01 19:00:00 -0500	99.999847
7.000000	7.000000	368.000122	2001-01-02 19:00:00 -0500	99.943520
7.000000	7.000000	369.000183	2001-01-03 19:00:00 -0500	99.202202
7.000000	7.000000	370.000244	2001-01-04 19:00:00 -0500	96.049042
7.000000	7.000000	371.000305	2001-01-05 19:00:00 -0500	88.558220
7.000000	7.000000	372.000366	2001-01-06 19:00:00 -0500	76.207146
7.000000	7.000000	373.000427	2001-01-07 19:00:00 -0500	60.514256
7.000000	7.000000	374.000488	2001-01-08 19:00:00 -0500	44.200157
7.000000	7.000000	375.000549	2001-01-09 19:00:00 -0500	29.763626
7.000000	7.000000	376.000610	2001-01-10 19:00:00 -0500	18.574205
7.000000	7.000000	377.000671	2001-01-11 19:00:00 -0500	10.811374
7.000000	7.000000	378.000732	2001-01-12 19:00:00 -0500	5.908295
7.000000	7.000000	379.000793	2001-01-13 19:00:00 -0500	3.050549
7.000000	7.000000	380.000854	2001-01-14 19:00:00 -0500	1.496638
7.000000	7.000000	381.000916	2001-01-15 19:00:00 -0500	0.701300
7.000000	7.000000	382.000977	2001-01-16 19:00:00 -0500	0.315288
7.000000	7.000000	383.001038	2001-01-17 19:00:00 -0500	0.136539
7.000000	7.000000	384.001099	2001-01-18 19:00:00 -0500	0.057158
7.000000	7.000000	385.001160	2001-01-19 19:00:00 -0500	0.023200
7.000000	9.000000	366.000000	2000-12-31 19:00:00 -0500	100.000000
7.000000	9.000000	367.000061	2001-01-01 19:00:00 -0500	99.999924
7.000000	9.000000	368.000122	2001-01-02 19:00:00 -0500	99.969185
7.000000	9.000000	369.000183	2001-01-03 19:00:00 -0500	99.505180
7.000000	9.000000	370.000244	2001-01-04 19:00:00 -0500	97.215935
7.000000	9.000000	371.000305	2001-01-05 19:00:00 -0500	90.994240
7.000000	9.000000	372.000366	2001-01-06 19:00:00 -0500	79.544014
7.000000	9.000000	373.000427	2001-01-07 19:00:00 -0500	63.763981
7.000000	9.000000	374.000488	2001-01-08 19:00:00 -0500	46.478737
7.000000	9.000000	375.000549	2001-01-09 19:00:00 -0500	30.793821
7.000000	9.000000	376.000610	2001-01-10 19:00:00 -0500	18.627560
7.000000	9.000000	377.000671	2001-01-11 19:00:00 -0500	10.358831
7.000000	9.000000	378.000732	2001-01-12 19:00:00 -0500	5.336210
7.000000	9.000000	379.000793	2001-01-13 19:00:00 -0500	2.565513
7.000000	9.000000	380.000854	2001-01-14 19:00:00 -0500	1.159192
7.000000	9.000000	381.000916	2001-01-15 19:00:00 -0500	0.495336
7.000000	9.000000	382.000977	2001-01-16 19:00:00 -0500	0.201292
7.000000	9.000000	383.001038	2001-01-17 19:00:00 -0500	0.078174
7.000000	9.000000	384.001099	2001-01-18 19:00:00 -0500	0.029139
7.000000	9.000000	385.001160	2001-01-19 19:00:00 -0500	0.010464
9.000000	1.000000	366.000000	2000-12-31 19:00:00 -0500	100.000000
9.000000	1.000000	367.000061	2001-01-01 19:00:00 -0500	90.438210
9.000000	1.000000	368.000122	2001-01-02 19:00:00 -0500	81.788399
9.000000	1.000000	369.000183	2001-01-03 19:00:00 -0500	73.893913
9.000000	1.000000	370.000244	2001-01-04 19:00:00 -0500	66.323105
9.000000	1.000000	371.000305	2001-01-05 19:00:00 -0500	58.400276
9.000000	1.000000	372.000366	2001-01-06 19:00:00 -0500	49.699806
9.000000	1.000000	373.000427	2001-01-07 19:00:00 -0500	40.414749
9.000000	1.000000	374.000488	2001-01-08 19:00:00 -0500	31.227993
9.000000	1.000000	375.000549	2001-01-09 19:00:00 -0500	22.909952
9.000000	1.000000	376.000610	2001-01-10 19:00:00 -0500	15.992315
9.000000	1.000000	377.000671	2001-01-11 19:00:00 -0500	10.659943
9.000000	1.000000	378.000732	2001-01-12 19:00:00 -0500	6.812612
9.000000	1.000000	379.000793	2001-01-13 19:00:00 -0500	4.191180
9.000000	1.000000	380.000854	2001-01-14 19:00:00 -0500	2.491479
9.000000	1.000000	381.000916	2001-01-15 19:00:00 -0500	1.436008
9.000000	1.000000	382.000977	2001-01-16 19:00:00 -0500	0.804920
9.000000	1.000000	383.001038	2001-01-17 19:00:00 -0500	0.439957
9.000000	1.000000	384.001099	2001-01-18 19:00:00 -0500	0.235046
9.000000	1.000000	385.001160	2001-01-19 19:00:00 -0500	0.122994
9.000000	3.000000	366.000000	2000-12-31 19:00:00 -0500	100.000000
9.000000	3.000000	367.000061	2001-01-01 19:00:00 -0500	99.723518
9.000000	3.000000	368.000122	2001-01-02 19:00:00 -0500	97.896606
9.000000	3.000000	369.000183	2001-01-03 19:00:00 -0500	93.900185
9.000000	3.000000	370.000244	2001-01-04 19:00:00 -0500	87.475548
9.000000	3.000000	371.000305	2001-01-05 19:00:00 -0500	78.282257
9.000000	3.000000	372.000366	2001-01-06 19:00:00 -0500	66.416283
9.000000	3.000000	373.000427	2001-01-07 19:00:00 -0500	52.908356
9.000000	3.000000	374.000488	2001-01-08 19:00:00 -0500	39.420959
9.000000	3.000000	375.000549	2001-01-09 19:00:00 -0500	27.495996
9.000000	3.000000	376.000610	2001-01-10 19:00:00 -0500	18.020639
9.000000	3.000000	377.000671	2001-01-11 19:00:00 -0500	11.153275
9.000000	3.000000	378.000732	2001-01-12 19:00:00 -0500	6.553531
9.000000	3.000000	379.000793	2001-01-13 19:00:00 -0500	3.674649
9.000000	3.000000	380.000854	2001-01-14 19:00:00 -0500	1.975474
9.000000	3.000000	381.000916	2001-01-15 19:00:00 -0500	1.022533
9.000000	3.000000	382.000977	2001-01-16 19:00:00 -0500	0.511516
9.000000	3.000000	383.001038	2001-01-17 19:00:00 -0500	0.248111
9.000000	3.000000	384.001099	2001-01-18 19:00:00 -0500	0.117029
9.000000	3.000000	385.001160	2001-01-19 19:00:00 -0500	0.053815
9.000000	5.000000	366.000000	2000-12-31 19:00:00 -0500	100.000000
9.000000	5.000000	367.000061	2001-01-01 19:00:00 -0500	99.993607
9.000000	5.000000	368.000122	2001-01-02 19:00:00 -0500	99.740021
9.000000	5.000000	369.000183	2001-01-03 19:00:00 -0500	98.341141
9.000000	5.000000	370.000244	2001-01-04 19:00:00 -0500	94.411835
9.000000	5.000000	371.000305	2001-01-05 19:00:00 -0500	86.582916
9.000000	5.000000	372.000366	2001-01-06 19:00:00 -0500	74.459656
9.000000	5.000000	373.000427	2001-01-07 19:00:00 -0500	59.299652
9.000000	5.000000	374.000488	2001-01-08 19:00:00 -0500	43.518818
9.000000	5.000000	375.000549	2001-01-09 19:00:00 -0500	29.460129
9.000000	5.000000	376.000610	2001-01-10 19:00:00 -0500	18.479422
9.000000	5.000000	377.000671	2001-01-11 19:00:00 -0500	10.806613
9.000000	5.000000	378.000732	2001-01-12 19:00:00 -0500	5.930116
9.000000	5.000000	379.000793	2001-01-13 19:00:00 -0500	3.072823
9.000000	5.000000	380.000854	2001-01-14 19:00:00 -0500	1.512251
9.000000	5.000000	381.000916	2001-01-15 19:00:00 -0500	0.710517
9.000000	5.000000	382.000977	2001-01-16 19:00:00 -0500	0.320173
9.000000	5.000000	383.001038	2001-01-17 19:00:00 -0500	0.138935
9.000000	5.000000	384.001099	2001-01-18 19:00:00 -0500	0.058263
9.000000	5.000000	385.001160	2001-01-19 19:00:00 -0500	0.023686
9.000000	7.000000	366.000000	2000-12-31 19:00:00 -0500	100.000000
9.000000	7.000000	367.000061	2001-01-01 19:00:00 -0500	99.999931
9.000000	7.000000	368.000122	2001-01-02 19:00:00 -0500	99.969193
9.000000	7.000000	369.000183	2001-01-03 19:00:00 -0500	99.505157
9.000000	7.000000	370.000244	2001-01-04 19:00:00 -0500	97.215935
9.000000	7.000000	371.000305	2001-01-05 19:00:00 -0500	90.994225
9.000000	7.000000	372.000366	2001-01-06 19:00:00 -0500	79.543999
9.000000	7.000000	373.000427	2001-01-07 19:00:00 -0500	63.763969
9.000000	7.000000	374.000488	2001-01-08 19:00:00 -0500	46.478741
9.000000	7.000000	375.000549	2001-01-09 19:00:00 -0500	30.793823
9.000000	7.000000	376.000610	2001-01-10 19:00:00 -0500	18.627558
9.000000	7.000000	377.000671	2001-01-11 19:00:00 -0500	10.358830
9.000000	7.000000	378.000732	2001-01-12 19:00:00 -0500	5.336211
9.000000	7.000000	379.000793	2001-01-13 19:00:00 -0500	2.565513
9.000000	7.000000	380.000854	2001-01-14 19:00:00 -0500	1.159192
9.000000	7.000000	381.000916	2001-01-15 19:00:00 -0500	0.495336
9.000000	7.000000	382.000977	2001-01-16 19:00:00 -0500	0.201292
9.000000	7.000000	383.001038	2001-01-17 19:00:00 -0500	0.078174
9.000000	7.000000	384.001099	2001-01-18 19:00:00 -0500	0.029139
9.000000	7.000000	385.001160	2001-01-19 19:00:00 -0500	0.010464
9.000000	9.000000	366.000000	2000-12-31 19:00:00 -0500	100.000000
9.000000	9.000000	367.000061	2001-01-01 19:00:00 -0500	99.999962
9.000000	9.000000	368.000122	2001-01-02 19:00:00 -0500	99.994827
9.000000	9.000000	369.000183	2001-01-03 19:00:00 -0500	99.808495
9.000000	9.000000	370.000244	2001-01-04 19:00:00 -0500	98.391586
9.000000	9.000000	371.000305	2001-01-05 19:00:00 -0500	93.484886
9.000000	9.000000	372.000366	2001-01-06 19:00:00 -0500	83.018028
9.000000	9.000000	373.000427	2001-01-07 19:00:00 -0500	67.188950
9.000000	9.000000	374.000488	2001-01-08 19:00:00 -0500	48.875042
9.000000	9.000000	375.000549	2001-01-09 19:00:00 -0500	31.847797
9.000000	9.000000	376.000610	2001-01-10 19:00:00 -0500	18.657362
9.000000	9.000000	377.000671	2001-01-11 19:00:00 -0500	9.898197
9.000000	9.000000	378.000732	2001-01-12 19:00:00 -0500	4.796822
9.000000	9.000000	379.000793	2001-01-13 19:00:00 -0500	2.142133
9.000000	9.000000	380.000854	2001-01-14 19:00:00 -0500	0.888824
9.000000	9.000000	381.000916	2001-01-15 19:00:00 -0500	0.345231
9.000000	9.000000	382.000977	2001-01-16 19:00:00 -0500	0.126363
9.000000	9.000000	383.001038	2001-01-17 19:00:00 -0500	0.043843
9.000000	9.000000	384.001099	2001-01-18 19:00:00 -0500	0.014493
9.000000	9.000000	385.001160	2001-01-19 19:00:00 -0500	0.004586
